zankl 166 62 27 89 1 3 73
UltimateAutomizer 61 47 13 60 0 0 1
20180501-Economics-Mulligan 135 93 38 131 0 0 4
meti-tarski 7006 4391 2611 7002 0 0 4
20211101-Geogebra 112 110 0 110 0 0 2
2019-ezsmt 63 60 2 62 0 0 1
20161105-Sturm-MGC 9 2 7 9 0 0 0
LassoRanker 821 210 165 375 4 0 442
20161105-Sturm-MBO 405 0 44 44 0 0 361
20220314-Uncu 225 73 151 224 0 0 1
hong 20 0 12 12 0 0 8
20170501-Heizmann-UltimateInvariantSynthesis 69 0 11 11 1 0 57
hycomp 2752 256 2093 2349 0 0 403
kissing 45 12 0 12 0 0 33
