zankl 166 55 29 84 1 0 81
UltimateAutomizer 61 32 13 45 0 0 16
20180501-Economics-Mulligan 135 92 41 133 0 0 2
meti-tarski 7006 4385 2584 6969 0 0 37
20211101-Geogebra 112 97 0 97 0 0 15
2019-ezsmt 63 48 2 50 0 0 13
20161105-Sturm-MGC 9 2 6 8 0 0 1
LassoRanker 821 292 299 591 10 0 220
20161105-Sturm-MBO 405 0 39 39 0 0 366
20220314-Uncu 225 71 148 219 0 0 6
hong 20 0 12 12 0 0 8
20170501-Heizmann-UltimateInvariantSynthesis 69 1 16 17 0 0 52
hycomp 2752 284 2151 2435 0 0 317
kissing 45 12 0 12 0 0 33
